0.10000000
0.12050000
0.14517081
0.17484657
0.21052166
0.25337841
0.30481824
0.36649569
0.44035472
0.52866540
0.63405830
0.75955181
0.90856537
1.08490778
1.29272526
1.53638750
1.82028295
2.14848647
2.52425688
2.94932306
3.42293475
3.94070510
4.49337920
5.06584773
5.63697696
6.18103021
6.67131260
7.08577117
7.41264364
7.65310832
7.81911558
7.92785635
7.99632545
8.03826893
8.06350501
8.07851825
8.08738839
8.09260741
8.09567063
8.09746592
8.09851722
8.09913253
8.09949256
8.09970319
8.09982639
8.09989846
8.09994061
8.09996526
8.09997968
8.09998812
8.56197535
8.30514644
8.42371015
7.65573404
7.79220117
8.03995899
7.65403938
7.81482840
7.92328684
8.51564245
8.24798719
8.16046722
7.44964191
7.68901390
8.70730301
8.01684033
8.57478514
8.43390941
8.18726365
7.90934049
8.18475450
7.99585367
8.50146759
8.43551158
8.02588536
7.61361497
7.60798842
8.45278563
7.70524526
7.92234922
8.44331909
8.30901020
8.39412476
6.95887908
7.68179907
7.05681494
7.15384189
7.23688751
5.78119698
6.12689817
5.77109383
4.04243141
3.96563997
3.16849794
3.58369278
2.82824886
1.88029610
2.20331204
1.80901458
1.35259058
1.01324407
1.32016694
1.61209346
1.72575870
1.79377274
2.02852221
2.33083022
3.18243334
3.28217713
4.20676392
4.39931576
5.15938201
5.81822722
5.96018179
6.89629685
6.90034933
7.59435419
7.58653406
7.99411395
7.80090548
7.79029832
8.07325824
8.03249299
7.84792395
8.03984915
8.32817106
7.89083337
8.16960535
8.14710058
8.12999807
8.16432916
8.23334785
7.99398792
8.39712659
7.87868993
8.38753717
8.16127562
7.90294067
8.38479324
8.04951061
7.96390395
8.08539072
7.83401996
8.23556707
8.22730227
7.98393569
7.84718439
8.16198069
7.93613882
8.21201817
8.09999998
8.09999997
8.09999996
8.09999994
8.09999992
8.09999989
8.09999984
8.09999978
8.09999969
8.09999956
8.09999939
8.09999914
8.09999879
8.09999830
8.09999761
8.09999664
8.09999528
8.09999337
8.09999068
8.09998690
8.09998160
8.09997415
8.09996367
8.09994896
8.09992829
8.09989925
8.09985845
8.09980112
8.09972058
8.09960743
8.09944845
8.09922510
8.09891133
8.09847054
8.09785134
8.09698160
8.09576006
8.09404470
8.09163636
8.08825612
8.08351371
8.07686405
8.06754770
8.05451007
8.03629369
8.01089780
7.97560149
7.92675342
7.85954473
7.76780859
7.69374110
7.41453025
7.40849637
6.91834520
6.68534646
6.08384751
5.76597479
5.41132738
4.53078496
4.14436841
3.47746300
2.90188743
2.69088694
1.99520841
1.72608012
1.50097477
1.38688377
1.06053770
0.92432082
0.61852441
0.36583984
0.57519686
0.29511474
0.46014973
0.29847935
-0.01881624
0.27031094
0.11550851
0.21845003
0.12866714
0.05473444
0.09750046
-0.06593998
0.11204997
0.10506458
0.24360881
0.03209128
-0.03341758
0.24778608
0.22004997
0.28841374
0.03410773
0.24119850
0.13264494
0.13692355
0.00038086
0.15019137
0.14071147
0.26265188
0.20333850
0.28659442
0.18697514
0.23625382
0.38985471
0.44055604
0.19317979
0.31577409
-0.02601007
0.57459252
0.20788097
0.97694044
0.37026089
0.46783649
1.31692431
1.11312639
1.08836645
1.88798645
2.14784655
2.03345125
2.68255589
2.97220947
3.89680677
4.43562199
4.78566101
5.44017603
6.07083939
6.67419980
6.79131882
7.44468603
7.38958654
7.34659269
7.67783695
7.81633160
8.20765919
8.14957652
8.18031234
8.15314208
8.24710534
8.40387184
8.42185092
7.71326582
8.09424791
8.43641942
7.88687681
8.41466120
8.35915535
8.31586858
8.35139059
7.99588723
8.13540413
8.18176374
8.14683978
8.02261132
8.14836480
8.11504886
8.01537247
8.07301598
8.07637131
8.15205246
8.15227156
8.04673035
8.00059225
8.05914522
8.02871104
8.12151289
8.17987090
8.06899311
8.07647189
8.14470510
8.15551535
8.17070746
8.04285148
7.98500743
8.02688533
8.06436206
8.05519837
8.09719889
7.98393628
7.99792981
7.89486576
7.68474742
7.74676691
7.51238684
7.23299560
6.97760202
6.74630877
6.23164681
5.86499245
5.33179901
4.82235317
4.25169185
3.68706666
3.21494565
2.63982744
2.30165508
1.89877703
1.50404924
1.25458407
1.05158076
0.90288339
0.43447847
0.76758807
0.79174135
0.06462943
0.28196459
0.34144331
0.17025271
0.19515191
0.22245905
-0.03289566
0.36178832
-0.07049410
-0.28151844
-0.18478133
0.09823907
-0.14703549
0.31789728
-0.05218914
-0.23907663
-0.26031615
0.06452559
0.41526958
0.42406535
0.39334531
0.37415349
-0.26600947
-0.25847246
0.06815217
0.43800041
0.26823402
0.29042692
-0.15056534
0.06979479
0.08024403
0.29243917
-0.27832786
0.25998806
-0.16096529
-0.19453871
-0.25405793
0.26926815
0.44288705
0.46404495
-0.21553299
-0.05787304
0.03323976
0.37782691
-0.25667413
-0.14735942
0.15465965
0.11394982
0.12159202
0.14134752
0.32009906
-0.00444209
0.27176417
0.18312895
0.25714005
0.36227076
0.34678668
0.60028678
0.88668899
0.66830637
1.17687880
1.13462349
1.30489333
1.41405949
2.04601392
2.47239855
2.47299657
3.09703310
3.57415520
4.22494268
4.93497327
5.60586341
5.69668908
6.24836465
6.63499524
6.96596231
7.73001538
7.68029940
7.67000402
8.15380733
7.77449026
7.88014437
7.94696632
8.22316519
8.11961537
7.96011801
8.22769927
8.03161293
8.06304583
8.12928210
8.23098717
8.26424011
7.86009672
8.30537347
8.34209281
7.91606836
8.32796875
8.09998571
8.09997993
8.09997179
8.09996037
8.09994432
8.09992177
8.09989009
8.09984558
8.09978304
8.09969518
8.09957174
8.09939831
8.09915466
8.09881237
8.09833152
8.09765607
8.09670733
8.09537488
8.09350386
8.09087717
8.08719079
8.08201955
8.07476992
8.06461559
8.05041034
8.03057245
8.00293516
7.96456058
7.91152273
7.83868173
7.73950188
7.60601338
7.42907555
7.19914166
6.90769081
6.54929977
6.12394873
5.63873724
5.10807802
4.55192520
3.99250482
3.45071830
2.94338952
2.48193592
2.07237183
1.71617514
1.41150620
1.15441108
0.93981760
0.76226656
0.12920500
0.54751372
1.38061814
1.27669178
1.11373640
1.13338204
1.57658042
1.94061538
2.16856084
2.42100259
2.91636591
3.88589487
4.35402591
4.67105538
5.25299269
6.08119836
6.15079825
6.52318369
7.46381231
7.82026233
8.11573454
7.91611796
8.47895890
7.62556054
7.49624731
7.66085992
8.46990056
7.66533081
8.57218054
8.46406316
8.08291042
8.04594346
7.95778594
7.62211150
8.21149824
8.47422758
8.01215614
7.97902227
8.12154718
8.51572480
8.07302114
8.36349854
7.91326158
8.01637085
8.55527296
7.89708907
7.78514144
7.73803190
7.98031543
8.37839099
7.80450731
8.26179137
8.32548335
8.09659535
7.76359030
7.83243786
8.01882655
8.02189420
8.11122162
7.73800167
7.74645716
8.28987759
7.83995153
7.78337528
8.02549274
8.32612014
8.16283520
7.89406351
7.82117948
8.40327013
7.70829506
8.11134649
8.32303963
8.33043265
8.27761054
7.74122074
8.48511080
7.82039999
8.29546252
8.37994323
8.39162363
8.17172844
8.20073827
7.92764571
7.76638022
8.42581844
8.24593252
7.90726490
8.40450236
7.95300186
7.90853360
8.00470455
8.18352357
8.25208142
7.75174370
7.66761157
7.53340278
7.74216554
7.18347683
7.05056549
7.35835600
6.86175584
6.17917284
5.75737020
5.56788039
4.79477085
4.49648349
3.32119264
2.81700547
2.38513337
2.57029060
2.12710634
1.91967797
1.46903688
1.20203710
1.09417184
0.60868765
0.93300606
0.29725968
0.21523553
0.04501616
0.44427482
-0.02395056
0.13724276
0.12772523
-0.17006100
0.04396618
0.00676110
-0.15644508
-0.17195093
0.06270010
-0.20833743
0.38443787
-0.06917697
0.35604082
0.05272471
-0.22726538
-0.23460354
0.31608181
0.15948453
0.02322178
0.08198281
-0.16920461
0.38995728
0.42664019
0.04498762
-0.18194867
0.25798895
0.45477544
0.38426148
0.10000000
0.12000000
0.14396996
0.17268461
0.20706392
0.24819772
0.29737319
0.35610500
0.42616745
0.50962725
0.60887468
0.72664938
0.86605531
1.03055626
1.22393990
1.45023326
1.71354703
2.01781904
2.36642244
2.76160182
3.20370978
3.69024638
4.21477178
4.76588783
5.32667299
5.87516116
6.38651540
6.83715474
7.21001074
7.49873244
7.70841059
7.85229427
7.94662636
8.00642016
8.04344899
8.06603261
8.07967379
8.08786444
8.09276454
8.09568964
8.09743347
8.09847225
8.09909075
8.09945892
8.09967803
8.09980841
8.09988600
8.09993217
8.09995964
8.09997599
8.57429971
7.98451185
8.37677378
7.56937261
8.47116104
7.73251078
7.62140094
7.95844896
8.52214792
7.72910273
8.48549943
8.26475222
7.89377828
8.45624170
8.49994737
8.38519216
7.96437609
7.51920404
8.33970136
8.29805698
8.65643755
8.28117223
8.34169332
8.11727550
8.26282599
7.87897482
7.55248556
7.81549098
8.20547287
7.82557310
7.26961438
7.15162580
7.87899456
6.65042370
6.70939251
7.14500102
6.45975060
6.21394488
4.95647941
4.93168578
3.58057488
3.25399518
3.12139205
1.89533356
2.62642816
1.32244209
1.85578576
1.57670891
1.43285441
1.20545043
0.46688808
0.56760137
0.26815795
0.24555404
0.29045396
0.11355677
0.07247273
0.21109699
0.26682538
-0.05495619
0.11834822
0.00972508
0.09232187
0.19427555
-0.06699251
-0.06717605
-0.07901179
0.06272426
0.12524601
0.27626757
-0.04729642
0.14514807
0.08123409
-0.08944911
0.14067687
0.17119185
-0.08501145
0.10764030
0.11116940
0.03094596
0.24753762
0.09866029
0.13688173
0.22663020
0.03736607
0.29634087
0.13640102
0.00933444
0.05712528
0.26401194
-0.09279775
-0.07101106
0.10884933
0.11551097
0.24981126
-0.00219668
0.13199871
0.19868780
-0.05396480
-0.06103839
0.03100511
0.20311971
0.40238733
0.27437626
0.39248496
0.21283953
0.52706204
0.63072808
0.43217707
0.58797373
0.85637778
0.87200900
0.69041380
0.95867215
1.04994851
1.44258224
1.96414428
2.12306556
2.54644029
2.99529789
3.04383442
3.77770306
4.00760824
4.88472519
5.49059925
5.94914351
6.14632840
6.84261915
7.00022466
7.41020340
7.92948438
7.95524183
7.92841193
7.96432503
8.03989627
7.94147131
8.35684210
8.16820531
8.32586828
8.07711911
8.09205224
7.88359800
7.98907516
8.02559989
8.18592907
7.96841737
8.31459688
8.22438313
7.88455068
8.23861075
8.06182715
8.17421458
8.13720787
8.17415787
8.05850213
8.01900651
8.17118406
8.02670030
8.01199990
8.19549493
8.00771513
8.17302381
8.18508879
8.13330835
8.08043001
8.13103491
8.17413058
8.01117685
8.18610529
8.13933847
8.13178158
8.07224383
8.13589762
8.01734810
8.13111582
7.92765249
8.00490676
7.91851455
7.94995487
7.77557851
7.75206255
7.52632291
7.29904998
7.14485843
6.70022599
6.33385497
6.00294749
5.46951819
4.88139685
4.33378536
3.70468829
3.17443279
2.81842831
2.26956498
1.87392977
1.63129545
1.19937980
1.08706912
0.75971642
0.70847904
0.46206594
0.62815727
0.84298979
0.99902791
1.06628860
1.33660642
1.51505935
1.81106659
2.23889456
2.52654248
2.84257814
3.47047434
3.88755291
4.51572204
5.06370849
5.46086189
6.10406676
6.62301800
6.89851300
7.35504459
7.64966754
7.79778437
7.93927754
7.94676340
8.04586445
7.98780891
8.09262442
7.98331674
8.01210768
8.12030761
8.12631665
8.15712982
8.17718534
8.09695913
8.00523514
8.04308293
8.11489688
8.13636106
8.09008506
8.19250763
8.15543227
8.07158315
8.08230570
8.09613756
8.19355696
8.02043962
8.10183625
8.14864164
8.03137610
8.18269655
8.05799076
8.05002940
8.11951320
8.07826519
8.02450301
8.07114745
8.11802906
8.03497607
8.15821033
8.15840330
8.09228648
8.17392022
8.11731444
8.03790610
8.10238758
8.08937625
8.12425076
8.17642938
8.12938509
8.15178668
8.08146928
8.07803397
8.19616404
8.08439978
8.08543284
8.05693430
8.13140323
8.08483385
8.13725241
8.17397030
8.01638156
8.10694820
8.15506329
8.09180797
8.10060159
8.05435207
8.00255008
8.09097455
8.03232480
8.05910512
8.02125274
8.06099402
7.99222282
7.77441346
7.67131933
7.56606016
7.44780771
7.23915518
6.91493699
6.60887453
6.31912402
5.75778189
5.28239945
4.58448144
4.18791381
3.40035559
3.06834411
2.55047648
1.94466827
1.64213636
1.38910957
1.24937429
0.95462469
0.87899868
0.46022606
0.42800720
0.22057592
0.21383317
0.18948315
0.35303376
0.17350147
0.13116214
0.02693136
0.20845455
0.08866799
0.12069031
0.01629246
0.06148016
0.04193206
-0.05933130
-0.00292933
-0.09089095
0.11850936
0.10852011
-0.09231955
-0.03253030
0.21502182
0.09199545
0.15122340
-0.07150281
-0.09877684
0.12860589
-0.07709450
-0.07806994
0.29413382
0.14494191
0.07334366
0.27161620
0.16389076
-0.03568783
0.33821796
-0.24865508
0.17745664
0.23557419
-0.03398778
-0.00957239
0.48048496
0.14528859
-0.10354686
0.25557619
0.24005969
0.19125840
0.32775325
0.14799029
0.39217898
0.47601226
-0.11353661
-0.05090395
0.14989833
-0.09015971
-0.19674068
-0.14783552
0.32020915
0.47924130
-0.20277213
0.24829324
0.32975064
0.43129534
0.13410626
0.29623414
-0.22193306
0.21022189
0.13602424
-0.13619547
0.46108666
0.40294810
0.36417098
0.09934585
0.03666733
-0.02974387
0.46887896
-0.22380501
-0.26015349
0.42305378
-0.16452059
-0.22448314
0.29321112
-0.05486015
-0.08961418
0.21499589
0.00115875
0.16665844
0.23269487
0.11168681
0.16063354
0.17570672
0.39540246
0.42522829
0.48497994
0.58577147
0.69412628
0.76151628
0.77515429
1.10373477
1.28563189
1.48507672
1.70797318
1.98805682
2.31577677
2.72976976
3.12758488
3.60481932
4.17080163
4.69654608
5.41207555
5.94126202
6.47011463
6.93434054
7.17672404
7.49465256
7.74411303
7.75545988
7.95349673
7.94226416
8.08627400
8.01957203
7.99024132
8.01944521
8.13871940
8.04943592
8.05651540
8.09155071
8.14140792
8.16429188
8.12954495
8.04862052
8.19952471
8.07228064
8.06458126
8.18478999
8.76451353
8.70767352
8.32804251
8.57911780
7.41028498
7.80736193
7.44042355
8.66077367
8.72062699
7.66322652
8.61224142
8.71100170
8.24792926
7.45103627
8.75371064
8.61633005
7.51220908
8.23464640
8.57833613
8.62496356
8.31539932
8.42575729
8.61157223
7.58735142
7.87173066
7.83193879
7.90303922
7.57827629
8.07342247
7.92707899
7.45808895
7.08546208
7.99716229
7.75348587
7.49315077
6.30287961
5.82719996
5.07831475
5.23492151
3.95963962
3.92443381
3.93269959
2.51572593
2.33422925
1.54978106
1.01111859
1.03466627
1.67316586
0.72767789
0.25158769
0.83730722
0.88811986
0.31052326
0.24253820
0.55486178
-0.01211900
0.66162613
0.16592543
-0.27444999
0.40934695
-0.33237867
-0.19804826
0.47846775
0.56225098
0.19260369
0.23966668
0.04421943
0.37535415
-0.10331863
0.08904297
0.26857853
-0.22960871
0.08373343
0.20449627
0.57530989
0.46121169
-0.05010595
0.51899461
-0.04993157
-0.38757024
-0.38499514
0.34257486
-0.31263891
0.44556215
-0.24411779
0.57104181
0.18457547
-0.05642608
-0.34016841
0.15468215
0.45487094
-0.25426719
0.00279050
-0.00586556
0.20421652
0.44441819
0.24225023
-0.33342145
-0.16611492
0.10395098
0.35758569
0.20295296
0.38231701
0.31704534
0.09363973
0.03851429
0.24237449
0.49409020
0.32313831
0.53191373
0.89069689
0.76799309
1.12829450
0.91099632
1.42920097
1.38516324
1.81648592
1.89112268
2.16260269
2.99859710
3.44513276
3.72238611
4.46508968
4.65167276
5.07106923
5.67544801
6.21932608
6.77108900
7.40603845
7.71413475
7.69086319
7.60250364
7.85341970
8.03364017
8.32833821
8.08362454
7.82732495
7.84629894
8.22221236
7.99263851
7.87485167
8.02390665
8.36257397
8.33548672
8.00830098
8.16234450
8.17525534
8.25549207
8.14248546
7.84392633
8.07163810
8.07007904
8.16845328
8.12345879
8.08207936
8.16272961
8.02578546
8.01346840
8.07378198
8.08464865
8.06869018
8.01817491
8.01257271
8.19317075
8.02471297
8.07779967
8.03729841
8.12145258
8.15008663
8.16753737
8.15106963
8.02141514
8.04709644
8.07746268
8.13197688
8.02878356
7.99561108
7.92302786
7.94865944
7.92909104
7.68721877
7.62978721
7.41845890
7.27297880
6.86911966
6.50033801
6.06222885
5.55199672
5.12204787
4.46263324
3.99682326
3.37575575
3.01815933
2.41565498
2.04685014
1.65123298
1.47494789
1.09003288
0.97902248
0.68731610
0.76291051
0.97374346
0.24216876
0.41847369
-0.14383357
-0.14054878
-0.01234480
0.37166466
-0.07221342
0.27156100
0.18880712
-0.10191414
0.36669801
-0.34829168
0.43851714
0.10176049
0.37205295
0.27941771
-0.24142692
0.28489560
-0.09650523
0.37189623
0.09270805
-0.03537339
0.49248542
0.44483949
0.35523504
0.51062980
0.04699997
-0.25171799
0.29477236
-0.08788806
0.29382800
0.49192653
0.57601197
0.27022023
0.27171243
0.27271444
0.20696336
0.01982285
0.00123568
-0.28747907
0.13462876
0.50717932
-0.25831342
0.22226959
0.39077758
0.16806361
0.40241902
-0.18107101
-0.07599149
0.28681961
0.27450254
0.02259488
0.28824259
-0.00315139
0.27980650
0.05989452
-0.00041036
0.03783881
0.16422596
0.06361996
0.16412084
0.23155221
0.08296225
0.08532480
0.02008037
0.12856234
-0.07472729
0.23401785
0.26673984
0.02147735
0.00005292
0.12917539
0.13097088
0.06333805
0.03614714
0.12580549
-0.08789803
-0.05237646
0.13144788
0.20910160
0.05589025
-0.00396424
0.25153865
-0.07590952
0.21596340
0.16334817
0.03200717
0.11483426
0.02324186
0.02584892
-0.00643777
0.29195124
-0.04621263
-0.09950380
0.23354976
0.16267638
0.29069311
0.15799060
0.09806848
0.02897271
0.17176431
0.07726504
0.06108436
0.10451185
0.01236943
0.19719343
0.07442354
0.10682236
0.01957659
0.02793923
0.18392617
0.02523430
0.14411771
0.17712170
0.04420087
0.06561420
0.19895730
0.17251699
0.18642204
0.02643388
0.00555177
0.12038795
0.12592322
0.19419372
0.17299355
0.06333750
0.04548866
0.11500282
0.16202014
0.05200422
0.10490159
0.03814271
0.11339697
0.15445994
0.19855393
0.09334434
0.08558381
0.08440377
0.19390130
0.08804616
0.17886681
0.07588193
0.00435211
0.07462286
0.13770744
0.01670611
0.12024786
0.19416517
0.02698021
0.50158877
-0.04416203
-0.12120124
0.49087284
0.30647289
0.56494973
0.48153291
0.38743237
0.20673073
0.20906867
0.33887985
0.89448189
1.06985107
1.08431425
1.72163669
1.57321224
1.96966254
2.71975298
2.41309026
3.29675483
3.90550138
4.34900136
4.63594280
5.44506742
5.98840815
6.50028311
6.96565226
6.81834440
7.28107880
7.68246454
7.78488906
7.64519183
7.91822342
7.89526045
8.33710897
8.35692782
7.77102147
7.98869279
8.26450678
7.79831817
7.91662449
8.22637263
7.71393649
7.87512257
7.96176857
7.70686781
8.21645138
8.46541390
7.73256756
8.18417092
8.02220084
8.15149179
8.25100238
8.07835151
7.91022277
8.15218933
8.06666141
7.93083042
8.06444113
8.29580453
8.06333968
8.19929492
8.13981359
7.99775461
7.99016987
8.21973579
8.17998876
7.89578905
8.28028507
8.11816555
7.92036148
8.04662531
7.88213442
8.00028851
8.19236611
7.86068685
7.81621529
8.02204477
8.00477024
7.83729135
7.57096001
7.50558513
7.34499115
6.93752840
6.39036333
5.93857527
5.63687565
5.15197947
4.42547287
3.94747998
3.53180005
3.03111345
2.66776793
1.90952919
1.90336310
1.43571878
0.98148637
0.99266874
0.68670017
0.97841242
0.29129324
0.78842491
-0.01687413
-0.09767248
-0.08719315
0.45073036
-0.13799843
-0.35935407
-0.23985715
-0.37758489
0.36188963
0.41173482
0.13418007
0.15035895
0.23097872
0.10287536
0.24711616
0.49288834
-0.01906534
0.21866805
0.34292186
0.39123202
0.40416653
0.10578699
-0.10612296
0.45911552
-0.11461564
0.43007097
0.41377512
-0.09447432
0.33498921
0.26635152
0.39926318
-0.33260897
0.17246382
0.17855536
-0.20934343
-0.05320845
0.59847020
-0.38979487
0.20265029
0.07246438
-0.36832175
-0.22324928
-0.14284552
-0.11342411
0.05915508
-0.26091307
-0.28074657
0.15766973
-0.07196427
0.77927214
0.17974968
0.72081806
0.06981379
0.77941889
0.27728148
0.56708455
0.49393590
1.09484279
1.30109865
1.07612954
0.71610034
0.89319705
1.65981557
2.08536040
2.49280559
2.21064184
2.10959318
3.33975755
3.13535491
4.63782599
4.21743056
4.94323010
6.21167236
6.17274989
6.15631568
7.31353171
7.90698457
7.05072949
7.24665016
7.90688459
7.69274584
8.06287854
8.32088732
7.76434185
8.00635269
7.94710406
7.57509968
8.29299218
7.89320387
8.24806025
7.46322189
7.51582278
8.75889057
8.24877815
8.50068513
8.57803627
7.59745955
8.07620897
7.99163960
8.05940814
8.07699679
8.08374566
8.28286547
8.01353670
8.17088046
8.28669667
7.92712321
8.05870277
7.90731688
8.18052700
8.18348322
8.27047697
8.16727826
8.12169161
8.12193796
8.10607111
8.12960842
8.21533071
7.92332744
8.20228141
8.13928106
7.89142956
7.97938840
8.20083143
8.00709162
8.03499018
7.70069994
7.70355224
7.53713324
7.45692765
7.20692331
6.82692913
6.74341077
6.36821182
5.80113029
5.46361044
4.87121636
4.35269522
3.64256698
3.01684618
2.70262236
2.46295704
1.96132422
1.71489888
1.40025412
0.90831893
0.89124798
0.75476443
0.48618931
0.37674886
0.46331413
0.41891386
0.27171645
0.34162774
0.00616093
0.09228407
0.00115688
0.12798638
0.17002856
-0.03384945
0.27064522
0.06196469
0.20056092
0.04783876
0.29946505
0.01549504
0.29976652
-0.07132801
-0.00991216
0.05400086
0.13716172
0.14941953
-0.09701364
-0.04762160
0.12792571
0.09700105
0.02741506
0.21856831
-0.02639535
0.04204146
0.24953423
-0.08037217
0.28053679
-0.09854152
-0.07512305
0.02489695
0.23742671
-0.06766761
0.00634772
0.18494275
0.18374440
0.23563030
0.15408821
0.23943366
-0.05217583
0.07679305
0.10326752
0.07243934
0.13746321
0.04600521
0.20800289
0.11945237
0.20956482
0.23179850
0.26529639
0.35748727
0.54713951
0.51842134
0.63313465
0.90745390
0.99117648
1.12677342
1.40179981
1.71479315
2.02041016
2.31106208
2.85026196
3.21750607
3.62687909
4.26068632
4.74901998
5.29613661
5.94327513
6.39781325
6.90681899
7.22692208
7.53808942
7.74173764
7.85042978
8.04256944
8.04433026
7.96431193
8.05287174
8.09752026
7.98814240
8.17202245
8.17466113
8.18045810
8.03903299
8.09167768
8.11128101
8.13434288
8.00865053
8.19005803
8.15219276
8.11446671
8.08699960
7.43598455
7.93922796
8.18462284
7.41031761
7.88665794
8.30358746
8.32992692
7.85776727
8.52072989
7.82977876
7.72331736
7.46771022
7.79241891
8.72060133
8.54603398
8.06435625
8.19667225
8.73459679
8.32979561
8.55613849
7.65017702
7.89450404
7.44282785
8.00606769
8.36912831
8.22147341
7.47507309
8.10532330
8.33164041
8.17428322
7.12592959
7.09598545
7.43517344
7.69523292
6.74825798
6.15862191
6.34356898
6.25825047
5.72583560
4.93789113
3.34894928
3.64168216
2.83491676
1.91566051
1.66276340
1.50527360
0.86693009
1.15496784
0.29675956
0.37496889
0.61007413
0.71686129
0.87426756
0.96103905
1.28210534
1.56712200
1.67580739
2.05428104
2.36728538
2.82145900
3.20373056
3.74258756
4.32013411
4.83345078
5.43758163
5.85999762
6.40016598
6.89005527
7.23888585
7.45441948
7.68314319
7.83396665
8.03319890
7.98676018
8.11817534
8.10369589
8.01811415
8.13930754
8.05345953
8.04496730
8.00064933
8.02647522
8.11292535
8.17641378
8.15501028
8.13223173
8.14660587
8.00300810
8.18794002
8.19158370
8.17286134
8.13624259
8.14511045
8.05167373
8.11936819
8.03365410
8.15701886
8.00627371
8.11533625
8.08278465
8.09999992
8.09999989
8.09999985
8.09999979
8.09999970
8.09999958
8.09999941
8.09999917
8.09999884
8.09999836
8.09999770
8.09999677
8.09999546
8.09999363
8.09999105
8.09998742
8.09998232
8.09997517
8.09996511
8.09995098
8.09993112
8.09990323
8.09986404
8.09980898
8.09973162
8.09962293
8.09947023
8.09925570
8.09895431
8.09853092
8.09793616
8.09710073
8.09592738
8.09427963
8.09196617
8.08871896
8.08416293
8.07777410
8.06882218
8.05629260
8.03878229
8.01436335
7.98041064
7.93339486
7.86865587
7.78019560
7.66057063
7.50102052
7.29202095
7.02445446
