10.00000000
9.97437500
9.94353649
9.90644179
9.86184793
9.80827699
9.74397721
9.66688039
9.57455661
9.46416825
9.33242713
9.17556024
8.98929329
8.76886527
8.50909343
8.20451563
7.84964631
7.43939191
6.96967889
6.43834617
5.84633157
5.19911863
4.50827600
3.79269034
3.07877880
2.39871224
1.78585925
1.26778604
0.85919544
0.55861459
0.35110553
0.21517956
0.12959318
0.07716383
0.04561873
0.02685219
0.01576451
0.00924074
0.00541172
0.00316759
0.00185347
0.00108433
0.00063430
0.00037102
0.00021701
0.00012693
0.00007424
0.00004342
0.00002540
0.00001485
0.46199099
0.20516841
0.32374101
-0.44422259
-0.30773790
-0.05995540
-0.44584033
-0.28500260
-0.17647571
0.41597606
0.14845591
0.06112576
-0.64943287
-0.40968619
0.60912930
-0.08059389
0.47838977
0.33897333
0.09437731
-0.18066707
0.09878941
-0.08443608
0.42914313
0.37436152
-0.01959783
-0.40992143
-0.38484059
0.50285024
-0.18491275
0.11523061
0.75104263
0.77459189
1.07489698
-0.07026546
1.03794631
0.91497151
1.65039462
2.52153499
2.00538506
3.42811938
4.25625439
3.77468916
4.95831617
5.38714772
6.95469777
7.25079737
7.23866719
8.37737775
8.68204269
8.81630592
8.97058148
8.86870094
8.68134458
8.23601713
7.65623123
7.14616241
6.60041811
6.49805326
5.54076279
5.31599852
4.28796037
3.78940607
3.19695505
2.14917981
2.01263140
1.10657589
1.07740753
0.53146724
0.56200151
0.11753425
-0.05422031
0.12814785
0.02571608
-0.19622165
-0.02677839
0.24807738
-0.19730467
0.07666950
0.05130599
0.03250108
0.06581872
0.13423425
-0.10548464
0.29744043
-0.22112333
0.28764828
0.06134173
-0.19701999
0.28481664
-0.05047546
-0.13608777
-0.01460435
-0.26597711
0.13556882
0.12730331
-0.11606370
-0.25281524
0.06198091
-0.16386105
0.11201824
0.00000003
0.00000004
0.00000005
0.00000007
0.00000010
0.00000014
0.00000020
0.00000028
0.00000039
0.00000055
0.00000077
0.00000108
0.00000151
0.00000213
0.00000299
0.00000420
0.00000590
0.00000829
0.00001165
0.00001637
0.00002300
0.00003232
0.00004541
0.00006380
0.00008963
0.00012594
0.00017694
0.00024860
0.00034927
0.00049072
0.00068944
0.00096862
0.00136084
0.00191183
0.00268582
0.00377300
0.00529992
0.00744413
0.01045455
0.01467985
0.02060786
0.02891993
0.04056537
0.05686242
0.07963288
0.11137775
0.15549814
0.21655823
0.30056909
0.41523927
0.61989310
0.71172169
1.19053471
1.31919495
1.85345683
2.17128292
2.91313421
3.73018778
4.09101307
4.96613733
5.53245368
6.12116007
6.97659546
7.23299297
7.79589064
8.28525971
8.77600661
8.95581100
9.23924174
9.27878745
9.30860220
9.74794788
9.65438889
9.97023371
9.93019992
9.71081949
10.07864354
9.98701291
10.11845003
10.02866714
9.95473444
9.99750046
9.83406002
10.01204997
10.00506458
10.14360881
9.93209128
9.86658242
10.14778608
10.12004997
10.18841374
9.93410773
10.14119850
10.03264494
10.03692355
9.90038086
10.05019137
10.04071147
10.16265188
10.10333850
10.18659442
10.04197514
10.03732141
10.12631434
10.09966222
9.75973491
9.77168442
9.29775370
9.74071576
9.18621965
9.73197241
8.86029980
8.64421205
9.12317272
8.48426161
7.95034160
8.15750565
7.73275372
6.83400075
6.59395180
5.88886245
5.71875242
5.07738550
4.18741339
3.58016182
2.97672679
2.42954016
1.53272065
1.34716187
0.64243855
0.12766888
0.13517485
0.06142229
0.31821382
0.17681629
0.15673897
0.09887605
0.17441036
0.32015161
0.33154923
-0.38095949
-0.00231466
0.33846522
-0.21190575
0.31538564
0.25958642
0.21612508
0.25154321
-0.10402196
0.03545816
0.08179588
0.04688486
-0.07732550
0.04845333
0.01517287
-0.08445385
-0.02674079
-0.02328811
0.05252934
0.05293926
-0.05233482
-0.09809895
-0.03902247
-0.06872379
0.02510391
0.08489782
-0.02397026
-0.01367894
0.05848973
0.07480552
0.09769734
-0.01939476
-0.06220011
0.00067203
0.06742384
0.09901812
0.19763960
0.16279703
0.28495003
0.33021242
0.32192948
0.65574251
0.78233270
0.97380608
1.31879110
1.83187776
2.21004515
2.87476697
3.48552477
4.19286776
4.86438291
5.51990717
6.20532987
6.69548487
7.31260354
7.74803645
8.07594328
8.44037990
8.75277366
9.03266178
8.91792400
9.54308518
9.80559825
9.27224490
9.64657693
9.83293826
9.76408112
9.87137831
9.96494405
9.75826443
10.17781162
9.77042378
9.58432537
9.70601972
9.99823907
9.75296451
10.21789728
9.84781086
9.66092337
9.63968385
9.96452559
10.31526958
10.32406535
10.29334531
10.27415349
9.63399053
9.64152754
9.96815217
10.33800041
10.16823402
10.19042692
9.74943466
9.96979479
9.98024403
10.19243917
9.62167214
10.15998806
9.73903471
9.70546129
9.64594207
10.16926815
10.34288705
10.36404495
9.68446701
9.84212696
9.93323976
10.27782691
9.64332587
9.75264058
10.05465965
10.01394982
9.97659202
9.94241511
10.05655870
9.65466410
9.83831930
9.63903927
9.58090382
9.52839401
9.32512536
9.35531875
9.37672790
8.84468193
8.98312721
8.50575872
8.16686849
7.68357868
7.63092108
7.27294806
6.38439248
6.01368609
5.39610085
4.86670618
4.33672565
3.74584919
2.60257647
2.00370500
1.37639707
0.86843815
0.98286739
0.46137559
0.12734192
0.39889803
-0.11495510
-0.09261586
-0.07660705
0.16889915
0.04692038
-0.12360221
0.13739757
-0.06261237
-0.03351673
0.03132791
0.13220461
0.16496456
-0.23947221
0.20562996
0.24224542
-0.18384083
0.22802278
0.00001786
0.00002509
0.00003526
0.00004954
0.00006960
0.00009778
0.00013739
0.00019302
0.00027120
0.00038103
0.00053533
0.00075211
0.00105667
0.00148454
0.00208560
0.00292992
0.00411584
0.00578139
0.00812017
0.01140353
0.01601151
0.02247557
0.03153760
0.04423051
0.06198707
0.08678443
0.12133105
0.16929928
0.23559659
0.32664784
0.45062265
0.61748328
0.83865556
1.12607292
1.49038648
1.93837529
2.47006409
3.07657844
3.73990248
4.43509350
5.13436898
5.81160213
6.44576310
7.02258010
7.53453521
7.97978108
8.36061724
8.68198616
8.95022800
9.17216680
8.86731397
9.01749537
9.53328838
9.05501894
8.45212166
7.95713920
7.80177957
7.47452198
6.91098076
6.26692536
5.76035768
5.62867994
4.91152237
3.98566501
3.30604724
2.90410890
1.83100928
1.20056972
1.31522365
1.03499760
0.87004369
0.35559319
0.71258359
-0.27104553
-0.48090386
-0.36537466
0.41403334
-0.40832329
0.48788735
0.37341973
-0.01151851
-0.05074036
-0.14024044
-0.47671402
0.11219712
0.37464344
-0.08759642
-0.12083050
0.02163478
0.41577692
-0.02694784
0.26351700
-0.18672744
-0.08362262
0.45527684
-0.20290862
-0.31485719
-0.36196728
-0.11968408
0.27839128
-0.29549252
0.16179161
0.22548368
-0.00340418
-0.33640905
-0.26756123
-0.08117218
-0.07810403
0.01122409
-0.36199488
-0.35353803
0.18988430
-0.26003912
-0.31661167
-0.07448905
0.22614554
0.06287063
-0.20588708
-0.27875160
0.30336627
-0.39157084
0.01153354
0.22330054
0.23079658
0.17811818
-0.35807117
0.38609847
-0.27822238
0.19738406
0.28262338
0.29536178
0.07694210
0.10800947
-0.16221417
-0.31948005
0.34553288
0.17341476
-0.15443370
0.35786421
-0.07268884
-0.08805399
0.04848829
0.28318959
0.42887128
0.03454092
0.09530941
0.15767892
0.63045129
0.42163996
0.74445772
1.63300810
1.87534692
2.08414707
2.69758012
3.66179699
4.12072487
5.08403374
5.15062644
5.82613057
6.48053151
7.63978942
8.05100988
8.57947895
8.75333063
9.00995744
9.33691589
9.20971672
9.82741989
9.43071842
9.54268811
9.52940038
10.05528575
9.68902629
9.93219391
9.98849297
9.72993900
9.94396618
9.90676110
9.74355492
9.72804907
9.96270010
9.69166257
10.28443787
9.83082303
10.25604082
9.95272471
9.67273462
9.66539646
10.21608181
10.05948453
9.92322178
9.98198281
9.73079539
10.28995728
10.32664019
9.94498762
9.71805133
10.15798895
10.35477544
10.28426148
10.00000000
9.97500000
9.94503755
9.90914424
9.86617010
9.81475285
9.75328351
9.67986876
9.59229069
9.48796593
9.36390665
9.21668828
9.04243087
8.83680467
8.59507513
8.31220842
7.98306622
7.60272620
7.16697195
6.67299773
6.12036277
5.51219203
4.85653528
4.16764021
3.46665877
2.78104855
2.14185575
1.57855657
1.11248658
0.75158445
0.48948677
0.30963216
0.19171705
0.11697480
0.07068876
0.04245924
0.02540776
0.01516945
0.00904432
0.00538795
0.00320817
0.00190969
0.00113656
0.00067636
0.00040247
0.00023948
0.00014250
0.00008479
0.00005045
0.00003002
0.47433186
-0.11544298
0.27683724
-0.53053822
0.37128631
-0.36731321
-0.47835177
-0.14120359
0.42263607
-0.37021142
0.38646302
0.16610602
-0.20431971
0.35891387
0.40370145
0.29046601
-0.12821540
-0.57038945
0.25431767
0.21858334
0.58525827
0.22162825
0.29846100
0.09689042
0.27440272
-0.06481321
-0.32911854
0.02022968
0.52954673
0.31353922
-0.01926485
0.16309570
1.28857458
0.57735496
1.29208818
2.53407654
2.80586595
3.65178608
3.58830387
4.81485407
4.72243904
5.61487902
6.62376563
6.43597774
8.08859154
7.58604803
8.80489680
9.10428399
9.44326481
9.61535068
9.20499705
9.57572323
9.49589186
9.65125408
9.83995021
9.77896857
9.83115079
10.04470564
10.16045494
9.84504381
10.01834822
9.90972508
9.99232187
10.09427555
9.83300749
9.83282395
9.82098821
9.96272426
10.02524601
10.17626757
9.85270358
10.04514807
9.98123409
9.81055089
10.04067687
10.07119185
9.81498855
10.00764030
10.01116940
9.93094596
10.14753762
9.99866029
10.03688173
10.12663020
9.93736607
10.19634087
10.03640102
9.90933444
9.95712528
10.16401194
9.80720225
9.82898894
10.00884933
10.01551097
10.14981126
9.89780332
10.03199871
10.09868780
9.84603520
9.83896161
9.93100511
10.05811971
10.20345491
10.01083589
10.05159114
9.77939465
9.98297236
9.95449184
9.59830032
9.56631241
9.61140975
9.36204790
8.86678936
8.76492055
8.42108374
8.30455739
8.23366347
7.70797272
7.34698980
6.90669380
5.96048741
5.59964870
4.64937175
4.28647757
3.63058503
2.85503091
1.90166875
1.58402099
0.90270050
0.66305541
0.71056057
0.41257973
0.17350262
0.07487966
0.06713604
-0.08210206
0.30257607
0.09551032
0.24214806
-0.01318258
-0.00217307
-0.21296457
-0.10887904
-0.07318267
0.08665352
-0.13115156
0.21485337
0.12453575
-0.21535851
0.13866479
-0.03814070
0.07425991
0.03727179
0.07424800
-0.04137078
-0.08081429
0.07143675
-0.07294340
-0.08749770
0.09620334
-0.09128599
0.07443225
0.08707468
0.03610840
-0.01562210
0.03660098
0.08197769
-0.07776102
0.10169804
0.06131423
0.06274693
0.01586357
0.09731823
0.00378476
0.15266022
-0.00162677
0.14432632
0.15354958
0.31738532
0.32504152
0.54941139
0.65691023
0.87007154
1.28540467
1.55738494
2.06353295
2.75542693
3.37199984
4.02179233
4.75034218
5.38409442
6.05797271
6.81337252
7.26227766
7.74190231
8.25258843
8.45908076
8.88107059
8.99641575
9.30903638
9.35976295
9.28742345
9.21957311
9.04137935
8.71477325
8.52283193
8.16144871
7.83085927
7.53683107
7.00056892
6.38698556
5.98093158
5.26844022
4.68992420
3.98443909
3.12404077
2.55832145
1.97308978
1.29801337
0.98758203
0.70298279
0.43991160
0.30449883
0.13300548
0.11978542
-0.00736828
0.05548255
-0.07910659
-0.06547118
0.03367064
0.03427563
0.06186825
0.08000571
-0.00136239
-0.09376604
-0.05632273
0.01525053
0.03657149
-0.00978974
0.09258213
0.05547659
-0.02839047
-0.01767861
-0.00385310
0.09356252
-0.07955707
0.00183822
0.04864281
-0.06862321
0.08269696
-0.04200900
-0.04997025
0.01951369
-0.02173413
-0.07549603
-0.02885119
0.01803097
-0.06502124
0.05821412
0.05840863
-0.00770602
0.07393076
0.01732928
-0.06207302
0.00241696
-0.01058241
0.02430893
0.07651122
0.02950024
0.05194870
-0.01830276
-0.02164528
0.09661534
-0.01496524
-0.01367375
-0.04180868
0.03317181
-0.01267785
0.04075324
0.07889549
-0.07668966
0.01669501
0.06877303
0.01108947
0.02771445
-0.00753246
-0.04388564
0.06621225
0.03793276
0.10719979
0.12864794
0.25089303
0.29640053
0.23592051
0.34763150
0.53238363
0.79990419
1.09459389
1.41126766
1.89719247
2.55230828
3.06538673
3.76950065
4.31274187
5.16973568
5.60102917
6.41456314
6.94214861
7.26700956
7.77601337
8.21873160
8.66729255
8.86446042
9.19647924
9.11308380
9.35519201
9.37111192
9.54554270
9.66771739
9.94948910
9.86516056
9.89937272
9.85662081
10.07579647
9.98081400
10.02069031
9.91629246
9.96148016
9.94193206
9.84066870
9.89707067
9.80910905
10.01850936
10.00852011
9.80768045
9.86746970
10.11502182
9.99199545
10.05122340
9.82849719
9.80122316
10.02860589
9.82290550
9.82193006
10.19413382
10.04494191
9.97334366
10.17161620
10.06389076
9.86431217
10.23821796
9.65134492
10.07745664
10.13557419
9.86601222
9.89042761
10.38048496
10.04528859
9.79645314
10.15557619
10.14005969
10.09125840
10.22775325
10.04799029
10.29217898
10.37601226
9.78646339
9.84909605
10.04989833
9.80984029
9.70325932
9.75216448
10.22020915
10.37924130
9.69722787
10.14829324
10.22975064
10.33129534
10.03410626
10.19623414
9.67806694
10.11022189
10.03602424
9.76380453
10.36108666
10.30294810
10.26417098
9.99934585
9.93666733
9.87025613
10.36887896
9.67619499
9.63984651
10.32305378
9.73547941
9.67551686
10.19321112
9.84513985
9.81038582
10.11499589
9.90115875
10.02165844
10.03376246
9.84814644
9.81973972
9.74226184
9.85131279
9.74899205
9.65110318
9.56411015
9.44915825
9.25155519
8.95152985
8.90998318
8.65676712
8.34705187
7.97749237
7.57296398
7.11632628
6.64116567
6.04423787
5.42676497
4.81256514
4.09829846
3.55206133
2.84714942
2.22545499
1.67574237
1.07919988
0.74750457
0.52518921
0.21279778
0.19858742
0.05281880
0.11351377
-0.00400134
-0.06402471
-0.05324978
0.05499918
-0.04086577
-0.03770990
-0.00501186
0.04345372
0.06550932
0.03026939
-0.05094841
0.09978120
-0.02756674
-0.03532793
0.08484402
0.66454568
0.60771872
0.22810607
0.47920716
-0.68958938
-0.29246142
-0.65932809
0.56112288
0.62111797
-0.43608317
0.51321198
0.61236628
0.14984779
-0.64626643
0.65750276
0.52166118
-0.58029657
0.14518104
0.49314299
0.54577237
0.24463737
0.36682809
0.56924283
-0.43171163
-0.11476336
-0.10904439
0.02549509
-0.21113957
0.40585621
0.42689900
0.18583301
0.11991259
1.43793445
1.72178805
2.12918211
1.75843612
2.25305720
2.60788786
3.96780275
3.94949296
5.17449859
6.39941483
6.11838167
6.96735946
7.09532748
7.34850306
8.04806047
9.25605158
8.78519465
8.70127474
9.60879422
9.92154897
9.55688180
9.66137539
10.11301829
9.65831938
10.42239340
9.99925640
9.61710656
10.30934695
9.56762133
9.70195174
10.37846775
10.46225098
10.09260369
10.13966668
9.94421943
10.27535415
9.79668137
9.98904297
10.16857853
9.67039129
9.98373343
10.10449627
10.47530989
10.36121169
9.84989405
10.41899461
9.85006843
9.51242976
9.51500486
10.24257486
9.58736109
10.34556215
9.65588221
10.47104181
10.08457547
9.84357392
9.55983159
10.05468215
10.35487094
9.64573281
9.90279050
9.89413444
10.10421652
10.34441819
10.14225023
9.56657855
9.73388508
10.00395098
10.25758569
10.05795296
10.18338459
10.05350497
9.75274591
9.60506941
9.69828481
9.81785396
9.48926156
9.51025240
9.64572887
9.25803199
9.30467006
8.71724473
8.80033620
8.24713840
8.08600512
7.47602984
6.96315219
6.90999301
6.36178575
5.54433176
5.10685318
4.05342514
3.21105501
2.58133540
1.97466644
1.51249083
1.30851430
0.96698675
0.47193938
0.05984154
0.09851040
0.14419481
0.35557798
0.06005117
-0.22694108
-0.22639605
0.13849213
-0.09766318
-0.21937363
-0.07265592
0.26461977
0.23670416
-0.09097457
0.06277557
0.07551183
0.15564469
0.04257627
-0.25601964
-0.02832975
-0.02987579
0.06851674
0.02354795
-0.01779536
0.06290562
-0.07396725
-0.08618415
-0.02572987
-0.01466551
-0.03034623
-0.08047129
-0.08552527
0.09584292
-0.07153295
-0.01692648
-0.05529307
0.03185909
0.06470294
0.08806373
0.07989034
-0.03812884
0.00386411
0.05707760
0.14355361
0.08499554
0.11400698
0.12776656
0.27273330
0.41705715
0.39833955
0.64125711
0.82803891
1.19991006
1.45181533
1.88941353
2.40834421
2.98983792
3.75387233
4.34580154
5.13868742
5.73663958
6.52053290
6.95629916
7.50901352
7.91483892
8.42405893
8.61760796
8.98943288
9.09721634
9.50101949
9.97997975
9.46646131
9.81946186
9.39992159
9.51829348
9.73910026
10.19751113
9.81334026
10.17156100
10.08880712
9.79808586
10.26669801
9.55170832
10.33851714
10.00176049
10.27205295
10.17941771
9.65857308
10.18489560
9.80349477
10.27189623
9.99270805
9.86462661
10.39248542
10.34483949
10.25523504
10.41062980
9.94699997
9.64828201
10.19477236
9.81211194
10.19382800
10.39192653
10.47601197
10.17022023
10.17171243
10.17271444
10.10696336
9.91982285
9.90123568
9.61252093
10.03462876
10.40717932
9.64168658
10.12226959
10.29077758
10.06806361
10.30241902
9.71892899
9.82400851
10.18681961
10.17450254
9.92259488
10.18824259
9.89684861
10.17980650
9.95989452
9.89958964
9.93783881
10.06422596
9.96361996
10.06412084
10.13155221
9.98296225
9.98532480
9.92008037
10.02856234
9.82527271
10.13401785
10.16673984
9.92147735
9.90005292
10.02917539
10.03097088
9.96333805
9.93614714
10.02580549
9.81210197
9.84762354
10.03144788
10.10910160
9.95589025
9.89603576
10.15153865
9.82409048
10.11596340
10.06334817
9.93200717
10.01483426
9.92324186
9.92584892
9.89356223
10.19195124
9.85378737
9.80049620
10.13354976
10.06267638
10.19069311
10.05799060
9.99806848
9.92897271
10.07176431
9.97726504
9.96108436
10.00451185
9.91236943
10.09719343
9.97442354
10.00682236
9.91957659
9.92793923
10.08392617
9.92523430
10.04411771
10.07712170
9.94420087
9.96561420
10.09895730
10.07251699
10.08642204
9.92643388
9.90555177
10.02038795
10.02592322
10.09419372
10.07299355
9.96333750
9.94548866
10.01500282
10.06202014
9.95200422
10.00490159
9.93814271
10.01339697
10.05445994
10.09855393
9.99334434
9.98558381
9.98440377
10.09390130
9.98804616
10.07886681
9.97588193
9.90435211
9.97462286
10.03770744
9.91670611
10.02024786
10.09416517
9.92698021
10.35658877
9.75690555
9.61525840
10.14997902
9.87302801
10.02086006
9.80529667
9.55355561
9.18506941
8.96410065
8.82891875
9.07085745
8.87609948
8.45544948
8.58361184
7.84273144
7.55456971
7.52030249
6.32448617
6.21340782
5.72744703
4.99076487
4.03769518
3.58505320
2.89429554
2.25562346
1.70705409
0.72082025
0.53393080
0.46354073
0.24222696
-0.10971748
0.02877806
-0.07749978
0.31353560
0.30266179
-0.30167352
-0.09502743
0.17420509
-0.29590713
-0.17993807
0.12841844
-0.38484607
-0.22415298
-0.13780036
-0.39287570
0.11660400
0.36550471
-0.36737841
0.08420306
-0.07775399
0.05155525
0.15109154
-0.02152322
-0.18960122
0.05243663
-0.03299115
-0.16868142
-0.03487303
0.19676812
-0.03530651
0.10119694
0.04248576
-0.09849131
-0.10455628
0.12714430
0.09039527
-0.18959464
0.20081143
0.04698627
-0.13918250
0.00339298
-0.13825066
0.01186524
0.24857809
-0.02091726
0.02095399
0.34611863
0.49273635
0.54841212
0.58242991
0.91516514
1.27192241
1.52022407
1.77943885
2.28469062
3.07471685
3.78380393
4.30864116
5.08934414
5.89268389
6.53348702
7.20841211
7.37169257
8.16696904
8.38482982
8.50906145
9.00307915
9.09660041
9.71652139
9.29752953
10.01271746
9.38411404
9.44608267
9.57164912
10.20217542
9.68784804
9.52619961
9.66014285
9.52241511
10.26188963
10.31173482
10.03418007
10.05035895
10.13097872
10.00287536
10.14711616
10.39288834
9.88093466
10.11866805
10.24292186
10.29123202
10.30416653
10.00578699
9.79387704
10.35911552
9.78538436
10.33007097
10.31377512
9.80552568
10.23498921
10.16635152
10.29926318
9.56739103
10.07246382
10.07855536
9.69065657
9.84679155
10.49847020
9.51020513
10.10265029
9.97246438
9.53167825
9.67675072
9.75715448
9.78657589
9.95915508
9.63908693
9.61925343
10.05766973
9.78303573
10.58033973
9.91620931
10.37992424
9.63636892
10.23532921
9.60104525
9.73320780
9.47227458
9.84987476
9.79113755
9.25250510
8.52234874
8.26433228
8.52179072
8.35487959
8.07771276
7.01119134
6.02098908
6.25641053
4.95730055
5.27958949
3.61918294
3.08321589
3.11755975
1.92809025
0.89771752
1.21600756
1.15983658
-0.16819433
-0.29601194
0.15197529
-0.19669952
0.09011831
0.29731395
-0.28992419
-0.06634230
-0.13661616
-0.51520202
0.19876688
-0.20335870
0.15010605
-0.63556067
-0.58345277
0.65932163
0.14903465
0.40083774
0.47812708
-0.50248642
-0.02375888
-0.10831539
-0.04052885
-0.02291500
-0.01613086
0.18303833
-0.08622130
0.07121923
0.18717093
-0.17221287
-0.04036780
-0.19138201
0.08234839
0.08603291
0.17404609
0.07227425
0.02868458
0.03172552
0.01976886
0.04877613
0.14214810
-0.13916161
0.15473238
0.11258800
-0.10618167
0.02226591
0.29995657
0.18412242
0.31947801
0.13256673
0.33599807
0.43974548
0.71847021
0.93688539
1.15451754
1.81255013
2.32766028
2.79026038
3.59638732
4.22235202
4.94973294
5.46564685
6.00528258
6.76563237
7.49152578
7.83891995
8.32583797
8.63543633
8.66861522
9.08906071
9.31430664
9.34671427
9.48264955
9.76843734
9.88525732
9.86818503
10.04290377
9.79171136
9.94550789
9.90115688
10.02798638
10.07002856
9.86615055
10.17064522
9.96196469
10.10056092
9.94783876
10.19946505
9.91549504
10.19976652
9.82867199
9.89008784
9.95400086
10.03716172
10.04941953
9.80298636
9.85237840
10.02792571
9.99700105
9.92741506
10.11856831
9.87360465
9.94204146
10.14953423
9.81962783
10.18053679
9.80145848
9.82487695
9.92489695
10.13742671
9.83233239
9.90634772
10.08494275
10.08374440
10.13563030
10.05408821
10.13943366
9.84782417
9.97679305
10.00326752
9.97243934
9.99246321
9.84707279
9.94446252
9.77855855
9.77611995
9.68770882
9.58906015
9.52361051
9.52547818
9.27345331
9.12317356
9.08382946
8.79742489
8.49790864
8.26377496
7.98431234
7.60531733
7.11161159
6.76165786
6.13415906
5.44882474
4.90244982
4.15077236
3.43612239
2.84916252
2.15315361
1.64822083
1.12939793
0.79094143
0.52281382
0.30776767
0.28766013
0.15488490
-0.00844830
0.02929837
0.04325423
-0.08455259
0.08830222
0.08435944
0.08623280
-0.05752958
-0.00627651
0.01249845
0.03506732
-0.09091840
0.09031452
0.05234537
0.01455751
-0.01294637
-0.66398330
-0.16072687
0.08468630
-0.68959323
-0.21321679
0.20376347
0.23017421
-0.24188528
0.42121804
-0.26953539
-0.37571905
-0.63093598
-0.30567907
0.62327350
0.44978806
-0.03036990
0.10408076
0.64500330
0.24441192
0.47666485
-0.42100227
-0.16503994
-0.60040447
-0.01431739
0.38070504
0.27768539
-0.40653102
0.31006200
0.65571427
0.66224934
-0.16294963
0.10745535
0.84475345
1.62216418
1.33095365
1.54769743
2.68968434
3.69609167
4.35766006
4.82105942
4.49081344
6.00256600
6.33729034
6.45630469
7.12492678
7.76887954
7.81604113
8.68254292
8.30716997
8.78486914
9.34818311
9.18684294
9.02693780
8.73936622
8.62049060
8.39087917
7.90100655
7.58818763
7.10970531
6.66738178
6.04772233
5.48537262
4.87763056
4.14806041
3.49063618
2.68290815
2.08037701
1.56744130
1.09029719
0.66915474
0.43745234
0.27344188
0.26682359
0.09015411
0.14102417
0.07746132
-0.03775307
0.06565344
-0.03083367
-0.04567612
-0.09377960
-0.07020861
0.01489897
0.07758825
0.05570916
0.03264759
0.04685331
-0.09684467
0.08802762
0.09163582
0.07289235
0.03626104
0.04512143
-0.04831974
0.01937208
-0.06634358
0.05702024
-0.09372547
0.01533673
-0.01721506
0.00000010
0.00000013
0.00000019
0.00000027
0.00000037
0.00000052
0.00000074
0.00000104
0.00000146
0.00000204
0.00000287
0.00000404
0.00000567
0.00000797
0.00001119
0.00001573
0.00002209
0.00003104
0.00004361
0.00006128
0.00008609
0.00012096
0.00016995
0.00023878
0.00033548
0.00047134
0.00066221
0.00093038
0.00130711
0.00183635
0.00257980
0.00362408
0.00509078
0.00715046
0.01004228
0.01410130
0.01979634
0.02778237
0.03897227
0.05463425
0.07652214
0.10704581
0.14948670
0.20825643
0.28918016
0.39975551
0.54928671
0.74872435
1.00997381
1.34443192
